           2025年度後期　連絡バス（南大沢・日野間）運行日程表
                                            予定運行日数
             日   月火水木金土
                           1234
             5    67891011
        10月                                    23
             12  13   14   15  16   17   18
             19  20   21   22  23   24   25
             26  27   28   29  30   31
                                         1
             2345678
             9   10   11   12  13   14   15
        11月                                    17
             16  17   18   19  20   21   22
             23  24   25   26  27   28   29
             30
                  123456
             7    8   9    10  11   12   13
        12月                                    20
             14  15   16   17  18   19   20
             21  22   23   24  25   26   27
             28  29   30   31
                                1   2    3
             4    5678910
        １月                                     18
             11  12   13   14  15   16   17
             18  19   20   21  22   23   24
             25  26   27   28  29   30   31
             1    234567
             8    91011 12 13 14
        ２月                                     9
             15  16   17   18  19   20   21
             22  23   24   25  26   27   28
             1    234567
             8    91011121314
        ３月                                     0
             15  16   17   18  19   20   21
             22  23   24   25  26   27   28
             29  30   31
       ※１０月１３日（祝日）、11月２４日（祝日）は授業実施のため通常運行します。
                2台運行日（通常授業開講日及び試験期間）
                3台運行日（日野デー臨時便終日運行）
                3台運行日（日野デー臨時便午後便のみ運行）
                1台運行日（集中授業日及び補講期間）
                運休日（休業、休講日、土曜日）
